[Variables]
nozzle_expansion_applied_offset = 0.0330000000016321
nozzle_expansion_coefficient = 0.03000000000148373

