[Variables]
nozzle_expansion_applied_offset = 0.037400000001880894
nozzle_expansion_coefficient = 0.042500000002137384

