[Variables]
nozzle_expansion_applied_offset = 0.04207500000211601
nozzle_expansion_coefficient = 0.042500000002137384

