[Variables]
nozzle_expansion_applied_offset = 0.027000000001335355
nozzle_expansion_coefficient = 0.03000000000148373

