[Variables]
nozzle_expansion_applied_offset = 0.0357000000017954
nozzle_expansion_coefficient = 0.042500000002137384

