[Variables]
nozzle_expansion_applied_offset = 0.029750000001496166
nozzle_expansion_coefficient = 0.042500000002137384

