[Variables]
nozzle_expansion_applied_offset = 0.056100000002821344
nozzle_expansion_coefficient = 0.042500000002137384

