[Variables]
nozzle_expansion_applied_offset = 0.04675000000235112
nozzle_expansion_coefficient = 0.042500000002137384

