[Variables]
nozzle_expansion_applied_offset = 0.021000000001038608
nozzle_expansion_coefficient = 0.03000000000148373

