[Variables]
nozzle_expansion_applied_offset = 0.08621250000157127
nozzle_expansion_coefficient = 0.07125000000129855

