[Variables]
nozzle_expansion_applied_offset = 0.06270000000114273
nozzle_expansion_coefficient = 0.07125000000129855

