[Variables]
nozzle_expansion_applied_offset = 0.07837500000142841
nozzle_expansion_coefficient = 0.07125000000129855

