[Variables]
nozzle_expansion_applied_offset = 0.053762500002703786
nozzle_expansion_coefficient = 0.042500000002137384

